[header]
width=25
height=19
tilewidth=32
tileheight32

[tilesets]
tileset=tilesheet.png,32,32,0,0

[layer]
type=Tile Layer 1
data=
0,0,0,0,0,0,0,0,0,0,0,0,7,0,0,0,0,3,0,0,0,4,0,0,0,
0,0,0,0,0,0,0,0,0,0,0,0,7,0,0,0,0,3,0,0,0,4,0,0,0,
0,0,0,0,0,0,0,0,0,0,0,0,7,0,0,0,0,3,0,0,0,4,0,0,0,
0,0,0,1,1,1,1,0,0,0,0,0,7,0,0,0,0,3,0,0,0,4,0,0,0,
0,0,0,1,0,0,1,0,0,0,0,0,7,0,0,0,0,3,0,0,0,4,0,0,0,
3,3,3,1,0,0,1,0,0,0,0,0,7,0,0,0,0,3,0,0,0,4,0,0,0,
0,0,0,1,0,0,1,0,0,0,0,0,7,0,0,0,0,3,0,0,0,4,0,0,0,
0,0,0,1,0,0,1,7,7,7,7,7,7,3,3,3,3,3,4,4,4,4,4,4,4,
4,4,4,1,0,0,0,0,0,0,0,0,0,0,0,0,0,0,0,0,0,0,0,0,0,
0,0,0,1,0,0,0,0,0,0,0,0,0,0,0,0,0,0,0,0,0,0,0,0,0,
0,0,0,1,0,0,0,0,0,0,0,0,0,0,0,0,0,0,0,0,0,0,0,0,0,
3,3,3,1,0,0,0,0,0,0,0,0,0,0,0,0,0,0,0,0,0,0,0,0,0,
0,0,0,1,0,0,0,0,0,0,0,0,0,0,0,0,0,0,0,0,0,0,0,0,0,
0,0,0,1,0,0,0,1,1,1,1,1,1,1,1,1,1,1,1,1,1,1,1,1,1,
7,7,7,1,0,0,0,1,1,1,1,1,1,1,1,1,1,1,1,1,1,1,1,1,1,
0,0,0,0,0,0,0,1,1,1,1,1,1,1,1,1,1,1,1,1,1,1,1,1,1,
0,0,0,0,0,0,0,1,1,1,1,1,1,1,1,1,1,1,1,1,1,1,1,1,1,
1,1,1,1,1,1,1,1,1,1,1,1,1,1,1,1,1,1,1,1,1,1,1,1,1,
1,1,1,1,1,1,1,1,1,1,1,1,1,1,1,1,1,1,1,1,1,1,1,1,1

[Object Layer 1]
# playerStart
type=int
location=5,15,0,0

[Object Layer 1]
# levelGoal
type=int
location=23,5,0,0
