[header]
width=25
height=19
tilewidth=32
tileheight32

[tilesets]
tileset=tilesheet.png,32,32,0,0

[layer]
type=Tile Layer 1
data=
1,1,1,1,1,0,3,0,0,0,1,1,1,1,1,1,1,1,1,1,1,1,1,1,1,
1,0,0,0,0,0,3,0,0,2,0,1,0,1,0,0,0,0,0,0,0,0,0,0,1,
1,0,0,0,0,0,3,1,1,4,0,4,0,4,1,1,0,0,0,0,0,0,0,0,1,
1,4,1,3,3,7,1,1,0,0,4,0,4,0,0,1,1,0,0,1,1,0,0,0,1,
1,0,1,0,0,0,1,0,0,4,0,2,0,4,0,0,1,0,0,1,0,0,4,4,1,
1,0,1,0,0,0,1,0,4,0,2,0,2,0,4,0,1,0,0,1,3,3,3,3,1,
1,0,1,0,0,0,1,4,0,2,0,0,0,2,0,4,1,0,0,1,2,0,0,0,1,
1,0,1,0,0,0,1,0,4,0,2,0,2,0,4,0,1,0,0,1,1,0,0,0,1,
1,0,1,0,0,0,1,0,0,4,0,2,0,4,0,1,1,0,0,1,1,1,0,0,1,
1,0,1,0,0,0,0,0,0,0,4,0,4,0,0,1,0,0,0,1,0,0,4,4,1,
1,0,1,0,0,0,0,0,1,0,0,4,0,0,0,1,0,0,0,1,0,0,0,0,1,
1,0,1,0,0,0,0,1,1,1,1,1,1,1,1,1,1,1,1,1,0,2,0,0,1,
1,0,1,0,0,0,1,1,0,0,0,0,0,0,0,2,0,0,0,0,0,2,2,2,1,
1,0,1,0,0,1,1,5,0,0,0,0,0,0,0,2,0,0,0,0,0,2,0,0,1,
1,0,1,1,1,1,0,5,0,0,0,0,0,0,0,2,0,2,3,2,2,2,0,0,1,
1,0,0,0,0,0,0,5,0,0,0,2,2,2,4,2,0,0,0,0,0,2,3,3,1,
1,0,0,0,0,0,0,5,0,0,0,0,0,0,0,2,0,0,0,0,0,2,0,0,1,
1,0,0,0,3,3,3,5,0,0,0,0,0,0,0,2,0,0,0,0,0,2,0,0,1,
1,4,0,0,0,0,0,1,1,1,1,0,0,0,1,1,1,0,0,0,1,1,0,0,1

[Object Layer 1]
# playerStart
type=int
location=11,6,0,0

[Object Layer 1]
# levelGoal
type=int
location=16,9,0,0
